         x          y        psi
    0.2637     0.2637     0.2637
    0.2636     0.2637     0.2636
    0.2636     0.2637     0.2637
    0.2637     0.2637     0.2637
    0.2636     0.2637     0.2637
    0.2636     0.2637     0.2637
    0.2637     0.2637     0.2637
    0.2637     0.2637     0.2637
    0.2637     0.2637     0.2637
    0.2637     0.2637     0.2637
    0.2636     0.2637     0.2637
    0.2637     0.2637     0.2636
    0.2636     0.2637     0.2637
    0.2637     0.2637     0.2637
    0.2637     0.2637     0.2637
    0.2637     0.2637     0.2637
    0.2637     0.2637     0.2636
    0.2636     0.2636     0.2636
    0.2636     0.2637     0.2637
    0.2636     0.2637     0.2637
    0.2636     0.2636     0.2636
    0.2637     0.2637     0.2636
    0.2637     0.2637     0.2637
    0.2637     0.2637     0.2637
    0.2637     0.2636     0.2637
    0.2637     0.2637     0.2636
    0.2636     0.2637     0.2637
    0.2636     0.2637     0.2636
    0.2637     0.2637     0.2637
    0.2636     0.2636     0.2637
    0.2637     0.2636     0.2637
    0.2637     0.2636     0.2636
    0.2637     0.2637     0.2637
    0.2637     0.2636     0.2637
    0.2637     0.2637     0.2637
    0.2637     0.2637     0.2636
    0.2637     0.2637     0.2636
    0.2636     0.2637     0.2636
    0.2637     0.2637     0.2636
    0.2634     0.2632     0.2631
    0.2636     0.2641     0.2641
    0.2644     0.2653     0.2664
    0.2668     0.2717     0.2739
    0.2758     0.2777     0.2806
    0.2853     0.2865     0.2940
    0.2972     0.3047     0.3094
    0.3157     0.3192     0.3272
    0.3272     0.3297     0.3296
    0.3293     0.3294     0.3293
    0.3293     0.3293     0.3293
    0.3293     0.3293     0.3293
    0.3294     0.3292     0.3292
    0.3292     0.3292     0.3293
    0.3292     0.3291     0.3293
    0.3294     0.3300     0.3309
    0.3319     0.3332     0.3346
    0.3346     0.3350     0.3352
    0.3348     0.3340     0.3335
    0.3328     0.3320     0.3297
    0.3291     0.3257     0.3251
    0.3251     0.3249     0.3251
    0.3260     0.3269     0.3275
    0.3291     0.3303     0.3309
    0.3326     0.3329     0.3349
    0.3377     0.3389     0.3418
    0.3445     0.3479     0.3497
    0.3519     0.3544     0.3550
    0.3572     0.3624     0.3624
    0.3674     0.3685     0.3721
    0.3757     0.3763     0.3818
    0.3823     0.3861     0.3881
    0.3904     0.3908     0.3933
    0.3943     0.3967     0.4029
    0.4039     0.4073     0.4084
    0.4133     0.4139     0.4150
    0.4173     0.4189     0.4213
    0.4252     0.4274     0.4301
    0.4353     0.4389     0.4447
    0.4515     0.4515     0.4567
    0.4624     0.4665     0.4679
    0.4679     0.4762     0.4813
    0.4854     0.4897     0.4938
    0.4978     0.5025     0.5037
    0.5074     0.5143     0.5237
    0.5296     0.5366     0.5410
    0.5448     0.5466     0.5482
    0.5486     0.5488     0.5498
    0.5527     0.5531     0.5541
    0.5562     0.5582     0.5603
    0.5656     0.5643     0.5631
    0.5586     0.5586     0.5497
    0.5407     0.5387     0.5169
    0.5016     0.4917     0.4841
    0.4807     0.4765     0.4527
    0.4466     0.4352     0.4237
    0.4075     0.4075     0.3982
    0.3873     0.3849     0.3728
    0.3728     0.3466     0.3340
    0.3256     0.3219     0.3161
    0.2997     0.2872     0.2811
    0.2711     0.2590     0.2478
    0.2397     0.2223     0.2144
    0.2083     0.2010     0.1909
    0.1816     0.1799     0.1655
    0.1496     0.1411     0.1265
    0.1193     0.1177     0.1177
    0.1178     0.1181     0.1174
    0.1176     0.1176     0.1158
    0.1153     0.1134     0.1121
    0.1111     0.1113     0.1114
    0.1113     0.1113     0.1132
    0.1138     0.1142     0.1150
    0.1170     0.1190     0.1206
    0.1218     0.1243     0.1258
    0.1271     0.1288     0.1307
    0.1325     0.1341     0.1341
    0.1379     0.1380     0.1389
    0.1389     0.1406     0.1411
    0.1422     0.1436     0.1447
    0.1463     0.1493     0.1493
    0.1525     0.1525     0.1533
    0.1561     0.1561     0.1599
    0.1629     0.1647     0.1664
    0.1694     0.1736     0.1755
    0.1788     0.1819     0.1850
    0.1881     0.1885     0.1908
    0.1932     0.1949     0.1957
    0.1960     0.1959     0.1959
    0.1963     0.1971     0.1980
    0.1984     0.1997     0.1995
    0.1995     0.1995     0.1995
    0.1994     0.1994     0.1994
    0.1994     0.2000     0.2000
    0.2026     0.2041     0.2041
    0.2057     0.2066     0.2083
    0.2095     0.2090     0.2089
    0.2089     0.2087     0.2043
    0.2043     0.1981     0.1907
    0.1818     0.1627     0.1627
    0.1398     0.1297     0.1217
    0.1165     0.0948     0.0872
    0.0825     0.0675     0.0537
    0.0450     0.0329     0.0190
    0.0082    -0.0002    -0.0067
   -0.0152    -0.0244    -0.0244
   -0.0355    -0.0475    -0.0552
   -0.0676    -0.0746    -0.0784
   -0.0867    -0.0867    -0.0959
   -0.1018    -0.1070    -0.1122
   -0.1173    -0.1221    -0.1318
   -0.1328    -0.1342    -0.1341
   -0.1320    -0.1307    -0.1301
   -0.1289    -0.1268    -0.1265
   -0.1240    -0.1219    -0.1216
   -0.1197    -0.1182    -0.1176
   -0.1177    -0.1176    -0.1175
   -0.1221    -0.1284    -0.1377
   -0.1377    -0.1397    -0.1461
   -0.1649    -0.1745    -0.1846
   -0.2051    -0.2180    -0.2260
   -0.2367    -0.2498    -0.2661
   -0.2758    -0.2882    -0.3045
   -0.3312    -0.3494    -0.3618
   -0.3618    -0.3775    -0.3829
   -0.3933    -0.4087    -0.4172
   -0.4391    -0.4506    -0.4623
   -0.4742    -0.4914    -0.5001
   -0.5113    -0.5232    -0.5378
   -0.5518    -0.5584    -0.5904
   -0.5962    -0.6164    -0.6275
   -0.6275    -0.6303    -0.6292
   -0.6292    -0.6292    -0.6287
   -0.6285    -0.6289    -0.6289
   -0.6281    -0.6277    -0.6280
   -0.6279    -0.6274    -0.6288
   -0.6300    -0.6297    -0.6293
   -0.6292    -0.6290    -0.6293
   -0.6287    -0.6295    -0.6299
   -0.6323    -0.6352    -0.6366
   -0.6396    -0.6421    -0.6435
   -0.6461    -0.6461    -0.6517
   -0.6517    -0.6611    -0.6665
   -0.6785    -0.6785    -0.6796
   -0.6885    -0.6990    -0.7048
   -0.7104    -0.7179    -0.7269
   -0.7332    -0.7392    -0.7453
   -0.7520    -0.7654    -0.7732
   -0.7806    -0.7887    -0.7978
   -0.8104    -0.8104    -0.8214
   -0.8265    -0.8327    -0.8391
   -0.8465    -0.8590    -0.8642
   -0.8731    -0.8842    -0.8915
   -0.9029    -0.9067    -0.9210
   -0.9302    -0.9440    -0.9514
   -0.9548    -0.9673    -0.9697
   -0.9725    -0.9748    -0.9746
   -0.9745    -0.9736    -0.9734
   -0.9734    -0.9734    -0.9737
   -0.9751    -0.9759    -0.9768
   -0.9763    -0.9771    -0.9770
   -0.9771    -0.9771    -0.9771
   -0.9771    -0.9771    -0.9770
   -0.9773    -0.9777    -0.9777
   -0.9778    -0.9789    -0.9791
   -0.9788    -0.9789    -0.9790
   -0.9788    -0.9788    -0.9789
   -0.9783    -0.9762    -0.9695
   -0.9670    -0.9634    -0.9555
   -0.9535    -0.9535    -0.9501
   -0.9501    -0.9450    -0.9421
   -0.9371    -0.9346    -0.9309
   -0.9296    -0.9267    -0.9227
   -0.9196    -0.9163    -0.9153
   -0.9146    -0.9141    -0.9135
   -0.9127    -0.9126    -0.9130
   -0.9122    -0.9124    -0.9130
   -0.9130    -0.9135    -0.9143
   -0.9155    -0.9158    -0.9163
   -0.9176    -0.9176    -0.9206
   -0.9223    -0.9244    -0.9205
   -0.9194    -0.9190    -0.9182
   -0.9180    -0.9178    -0.9176
   -0.9174    -0.9176    -0.9176
   -0.9175    -0.9175    -0.9175
   -0.9175    -0.9093    -0.9074
   -0.8967    -0.8840    -0.8691
   -0.8563    -0.8563    -0.8230
   -0.8230    -0.7987    -0.7851
   -0.7779    -0.7742    -0.7526
   -0.7345    -0.7020    -0.6837
   -0.6837    -0.6691    -0.6399
   -0.6325    -0.6242    -0.5872
   -0.5872    -0.5581    -0.5423
   -0.5145    -0.5006    -0.4942
   -0.4840    -0.4654    -0.4359
   -0.4239    -0.4239    -0.4029
   -0.4029    -0.3783    -0.3563
   -0.3427    -0.3323    -0.3214
   -0.3081    -0.3051    -0.2904
   -0.2745    -0.2614    -0.2591
   -0.2439    -0.2327    -0.2232
   -0.2093    -0.2064    -0.2046
   -0.1983    -0.1988    -0.1985
   -0.1990    -0.1983    -0.1983
   -0.1987    -0.1987    -0.1983
   -0.1980    -0.1971    -0.1968
   -0.1970    -0.1946    -0.1940
   -0.1932    -0.1906    -0.1901
   -0.1878    -0.1870    -0.1851
   -0.1838    -0.1836    -0.1824
   -0.1818    -0.1807    -0.1803
   -0.1803    -0.1802    -0.1807
   -0.1810    -0.1821    -0.1841
   -0.1846    -0.1856    -0.1887
   -0.1899    -0.1939    -0.1953
   -0.1974    -0.1994    -0.1988
   -0.1989    -0.1989    -0.1989
   -0.1989    -0.1989    -0.1989
   -0.1989    -0.1989    -0.1989
   -0.1989    -0.1990    -0.1990
   -0.1989    -0.1989    -0.1990
   -0.1990    -0.1990    -0.1990
   -0.1989    -0.1990    -0.1990
   -0.1990    -0.1990    -0.1990
   -0.1990    -0.1990    -0.1990
   -0.1990    -0.1990    -0.1990
   -0.1990    -0.1991    -0.1990
   -0.1990    -0.1993    -0.2033
   -0.2081    -0.2124    -0.2183
   -0.2233    -0.2293    -0.2331
   -0.2387    -0.2442    -0.2495
   -0.2550    -0.2549    -0.2548
   -0.2547    -0.2548    -0.2548
   -0.2548    -0.2541    -0.2488
   -0.2452    -0.2409    -0.2344
   -0.2322    -0.2322    -0.2270
   -0.2225    -0.2161    -0.2126
   -0.2085    -0.2047    -0.1967
   -0.1906    -0.1874    -0.1837
   -0.1810    -0.1763    -0.1763
   -0.1703    -0.1672    -0.1656
   -0.1589    -0.1559    -0.1497
   -0.1477    -0.1477    -0.1401
   -0.1376    -0.1357    -0.1343
   -0.1343    -0.1280    -0.1268
   -0.1250    -0.1225    -0.1220
   -0.1219    -0.1218    -0.1219
   -0.1220    -0.1218    -0.1226
   -0.1226    -0.1234    -0.1252
   -0.1269    -0.1289    -0.1300
   -0.1322    -0.1346    -0.1356
   -0.1361    -0.1361    -0.1361
   -0.1361    -0.1361    -0.1361
   -0.1361    -0.1361    -0.1355
   -0.1281    -0.1210    -0.1120
   -0.1027    -0.0803    -0.0751
   -0.0728    -0.0650    -0.0440
   -0.0334    -0.0229    -0.0120
   -0.0008     0.0136     0.0218
    0.0366     0.0543     0.0637
    0.0730     0.1030     0.1128
    0.1252     0.1405     0.1493
    0.1559     0.1559     0.1718
    0.1900     0.2166     0.2279
    0.2520     0.2577     0.2667
    0.2805     0.2906     0.2961
    0.2961     0.3254     0.3438
    0.3580     0.3760     0.3863
    0.4009     0.4103     0.4364
    0.4477     0.4477     0.4721
    0.4721     0.4958     0.5080
    0.5229     0.5458     0.5474
    0.5532     0.5586     0.5813
    0.5864     0.6111     0.6157
    0.6271     0.6383     0.6621
    0.6804     0.6804     0.7014
    0.7105     0.7210     0.7308
    0.7458     0.7611     0.7809
    0.7964     0.8065     0.8065
    0.8133     0.8136     0.8139
    0.8136     0.8135     0.8126
    0.8122     0.8112     0.8104
    0.8094     0.8086     0.8076
    0.8069     0.8059     0.8059
    0.8062     0.8062     0.8061
    0.8070     0.8084     0.8099
    0.8121     0.8121     0.8131
    0.8145     0.8167     0.8172
    0.8177     0.8176     0.8175
    0.8175     0.8173     0.8178
    0.8180     0.8185     0.8200
    0.8211     0.8229     0.8242
    0.8263     0.8269     0.8300
    0.8315     0.8338     0.8342
    0.8342     0.8352     0.8365
    0.8365     0.8374     0.8374
    0.8374     0.8374     0.8373
    0.8373     0.8354     0.8344
    0.8332     0.8289     0.8144
    0.8047     0.7944     0.7834
    0.7723     0.7467     0.7467
    0.7319     0.7197     0.7040
    0.6845     0.6786     0.6517
    0.6517     0.6352     0.5967
    0.5840     0.5436     0.5268
    0.5225     0.5123     0.4990
    0.4821     0.4615     0.4380
    0.4240     0.4212     0.3914
    0.3664     0.3524     0.3371
    0.3201     0.3038     0.2899
    0.2735     0.2629     0.2389
    0.2223     0.1960     0.1797
    0.1652     0.1492     0.1354
    0.1102     0.1102     0.0968
    0.0833     0.0778     0.0590
    0.0439     0.0276     0.0165
    0.0038    -0.0033    -0.0067
   -0.0067    -0.0077    -0.0073
   -0.0064    -0.0065    -0.0065
   -0.0070    -0.0057    -0.0052
   -0.0049    -0.0057    -0.0048
   -0.0049    -0.0033    -0.0015
   -0.0012    -0.0014    -0.0007
   -0.0001     0.0000    -0.0011
   -0.0011    -0.0024    -0.0034
   -0.0036    -0.0034    -0.0033
   -0.0033    -0.0033    -0.0031
   -0.0035    -0.0035    -0.0035
   -0.0050    -0.0053    -0.0067
   -0.0077    -0.0092    -0.0095
   -0.0110    -0.0119    -0.0118
   -0.0118    -0.0116    -0.0116
   -0.0117    -0.0112    -0.0057
   -0.0013     0.0106     0.0106
    0.0219     0.0274     0.0328
    0.0385     0.0442     0.0502
    0.0593     0.0688     0.0688
    0.0811     0.0811     0.0944
    0.0958     0.0991     0.1121
    0.1192     0.1234     0.1299
    0.1401     0.1444     0.1513
    0.1571     0.1699     0.1760
    0.1840     0.1853     0.1951
    0.2025     0.2118     0.2165
    0.2220     0.2345     0.2357
    0.2404     0.2404     0.2462
    0.2516     0.2570     0.2710
    0.2797     0.2942     0.2990
    0.3034     0.3171     0.3204
    0.3258     0.3316     0.3393
    0.3554     0.3632     0.3746
    0.3822     0.3909     0.4029
    0.4131     0.4147     0.4183
    0.4236     0.4442     0.4514
    0.4514     0.4596     0.4663
    0.4789     0.4789     0.4896
    0.4962     0.5028     0.5178
    0.5303     0.5383     0.5383
    0.5442     0.5496     0.5585
    0.5697     0.5765     0.5821
    0.5831     0.5831     0.5834
    0.5833     0.5833     0.5834
    0.5834     0.5829     0.5827
    0.5826     0.5828     0.5826
    0.5826     0.5811     0.5811
    0.5796     0.5776     0.5776
    0.5762     0.5754     0.5750
    0.5746     0.5737     0.5730
    0.5724     0.5722     0.5723
    0.5724     0.5730     0.5739
    0.5744     0.5753     0.5764
    0.5793     0.5809     0.5816
    0.5815     0.5813     0.5812
    0.5812     0.5812     0.5812
    0.5811     0.5806     0.5807
    0.5805     0.5798     0.5799
    0.5797     0.5809     0.5809
    0.5820     0.5823     0.5823
    0.5827     0.5840     0.5848
    0.5883     0.5883     0.5906
    0.5906     0.5931     0.5966
    0.6008     0.6028     0.6053
    0.6086     0.6116     0.6174
    0.6204     0.6304     0.6325
    0.6348     0.6497     0.6533
    0.6594     0.6665     0.6758
    0.6821     0.6891     0.6992
    0.7042     0.7098     0.7106
    0.7108     0.7105     0.7105
    0.7112     0.7111     0.7119
    0.7124     0.7130     0.7136
    0.7140     0.7164     0.7176
    0.7183     0.7195     0.7210
    0.7225     0.7225     0.7222
    0.7222     0.7222     0.7221
    0.7220     0.7221     0.7218
    0.7192     0.7150     0.7150
    0.7088     0.7074     0.7037
    0.6990     0.6892     0.6825
    0.6786     0.6725     0.6681
    0.6611     0.6560     0.6498
    0.6410     0.6380     0.6380
    0.6245     0.6114     0.6013
    0.5941     0.5924     0.5885
    0.5779     0.5695     0.5639
    0.5580     0.5441     0.5441
    0.5385     0.5300     0.5226
    0.5123     0.5074     0.5002
    0.4966     0.4922     0.4803
    0.4794     0.4704     0.4643
    0.4623     0.4552     0.4502
    0.4395     0.4355     0.4309
    0.4207     0.4187     0.4126
    0.4043     0.4021     0.3957
    0.3864     0.3864     0.3766
    0.3724     0.3677     0.3614
    0.3602     0.3542     0.3483
    0.3416     0.3370     0.3312
    0.3273     0.3204     0.3163
    0.3046     0.2992     0.2938
    0.2892     0.2813     0.2734
    0.2678     0.2636     0.2542
    0.2534     0.2509     0.2459
    0.2397     0.2314     0.2306
    0.2217     0.2114     0.2045
    0.2006     0.1951     0.1893
    0.1832     0.1775     0.1747
    0.1655     0.1613     0.1605
    0.1611     0.1608     0.1609
    0.1609     0.1613     0.1618
    0.1620     0.1622     0.1622
    0.1628     0.1631     0.1636
    0.1651     0.1651     0.1664
    0.1670     0.1681     0.1697
    0.1699     0.1704     0.1711
    0.1715     0.1715     0.1715
    0.1715     0.1710     0.1679
    0.1622     0.1533     0.1428
    0.1270     0.1184     0.0973
    0.0973     0.0877     0.0784
    0.0643     0.0465     0.0393
    0.0243     0.0139    -0.0084
   -0.0084    -0.0187    -0.0286
   -0.0398    -0.0441    -0.0523
   -0.0660    -0.0832    -0.0832
   -0.1028    -0.1273    -0.1417
   -0.1438    -0.1500    -0.1614
   -0.1860    -0.1860    -0.2245
   -0.2360    -0.2406    -0.2406
   -0.2443    -0.2427    -0.2424
   -0.2435    -0.2428    -0.2424
   -0.2421    -0.2425    -0.2426
   -0.2421    -0.2423    -0.2422
   -0.2423    -0.2418    -0.2420
   -0.2422    -0.2418    -0.2417
   -0.2417    -0.2417    -0.2416
   -0.2421    -0.2417    -0.2417
   -0.2416    -0.2415    -0.2415
   -0.2415    -0.2414    -0.2414
   -0.2414    -0.2414    -0.2414
   -0.2414    -0.2413    -0.2413
   -0.2413    -0.2413    -0.2413
   -0.2413    -0.2413    -0.2412
   -0.2412    -0.2412    -0.2411
   -0.2412    -0.2412    -0.2411
   -0.2411    -0.2412    -0.2411
   -0.2411    -0.2411    -0.2411
   -0.2411    -0.2411     0.1758
    0.1757     0.1758     0.1757
    0.1758     0.1758     0.1758
    0.1758     0.1758     0.1758
    0.1758     0.1758     0.1758
    0.1758     0.1758     0.1758
    0.1757     0.1757     0.1757
    0.1758     0.1758     0.1758
    0.1758     0.1758     0.1758
    0.1758     0.1758     0.1758
    0.1757     0.1758     0.1758
    0.1758     0.1758     0.1758
    0.1758     0.1758     0.1758
    0.1758     0.1758     0.1758
    0.1757     0.1758     0.1758
    0.1758     0.1757     0.1758
    0.1758     0.1758     0.1758
    0.1757     0.1758     0.1758
    0.1758     0.1758     0.1757
    0.1758     0.1757     0.1758
    0.1758     0.1758     0.1758
    0.1758     0.1758     0.1757
    0.1757     0.1757     0.1758
    0.1757     0.1758     0.1757
    0.1757     0.1758     0.1757
    0.1757     0.1758     0.1758
    0.1758     0.1757     0.1757
    0.1758     0.1758     0.1757
    0.1758     0.1758     0.1758
    0.1757     0.1757     0.1758
    0.1758     0.1758     0.1758
    0.1758     0.1758     0.1758
    0.1758     0.1757     0.1758
    0.1758     0.1758     0.1758
    0.1758     0.1758     0.1758
    0.1758     0.1758     0.1757
    0.1758     0.1758     0.1757
    0.1758     0.1758     0.1757
    0.1758     0.1758     0.1758
    0.1758     0.1758     0.1758
    0.1757     0.1761     0.1810
    0.1862     0.1945     0.2037
    0.2147     0.2287     0.2377
    0.2524     0.2683     0.2714
    0.3094     0.3225     0.3352
    0.3488     0.3682     0.3923
    0.3988     0.4350     0.4471
    0.4724     0.4841     0.4991
    0.5085     0.5287     0.5287
    0.5341     0.5339     0.5334
    0.5331     0.5332     0.5331
    0.5332     0.5333     0.5332
    0.5331     0.5331     0.5334
    0.5331     0.5330     0.5330
    0.5328     0.5313     0.5314
    0.5312     0.5291     0.5286
    0.5282     0.5285     0.5281
    0.5279     0.5275     0.5275
    0.5271     0.5269     0.5292
    0.5403     0.5519     0.5651
    0.5709     0.5882     0.5998
    0.6352     0.6494     0.6494
    0.6816     0.7009     0.7145
    0.7288     0.7426     0.7564
    0.7703     0.7870     0.8039
    0.8077     0.8314     0.8519
    0.8620     0.8790     0.8991
    0.9189     0.9288     0.9428
    0.9555     0.9589     0.9698
    0.9969     0.9969     1.0328
    1.0401     1.0648     1.0837
    1.0871     1.1249     1.1281
    1.1571     1.1723     1.1939
    1.1979     1.2164     1.2252
    1.2504     1.2916     1.2993
    1.3247     1.3326     1.3653
    1.3693     1.3767     1.3922
    1.4067     1.4211     1.4516
    1.4672     1.4851     1.5096
    1.5278     1.5533     1.5820
    1.5820     1.6045     1.6298
    1.6489     1.6552     1.6552
    1.6920     1.7111     1.7278
    1.7423     1.7567     1.7698
    1.7846     1.7883     1.7991
    1.8206     1.8465     1.8613
    1.8783     1.8869     1.8951
    1.8986     1.8974     1.8975
    1.8966     1.8953     1.8927
    1.8926     1.8923     1.8916
    1.8918     1.8911     1.8905
    1.8903     1.8917     1.8950
    1.8950     1.9037     1.9132
    1.9149     1.9352     1.9526
    1.9621     1.9729     1.9783
    1.9844     2.0113     2.0187
    2.0308     2.0431     2.0607
    2.0607     2.0699     2.0816
    2.0845     2.0972     2.0972
    2.1246     2.1373     2.1456
    2.1496     2.1563     2.1731
    2.1869     2.1936     2.2035
    2.2162     2.2290     2.2376
    2.2564     2.2657     2.2723
    2.2797     2.2907     2.3012
    2.3029     2.3172     2.3343
    2.3424     2.3573     2.3649
    2.3667     2.3667     2.3666
    2.3664     2.3670     2.3654
    2.3623     2.3580     2.3578
    2.3552     2.3538     2.3518
    2.3517     2.3516     2.3517
    2.3517     2.3610     2.3719
    2.3778     2.3842     2.3955
    2.4079     2.4211     2.4324
    2.4474     2.4600     2.4727
    2.4852     2.4987     2.5129
    2.5265     2.5265     2.5619
    2.5654     2.5907     2.5907
    2.6202     2.6348     2.6500
    2.6686     2.6944     2.7091
    2.7386     2.7386     2.7685
    2.7685     2.7834     2.8129
    2.8129     2.8531     2.8720
    2.8860     2.9012     2.9180
    2.9406     2.9508     2.9679
    2.9859     3.0105     3.0264
    3.0296     3.0493     3.0621
    3.0725     3.0780     3.0803
    3.0792     3.0792     3.0786
    3.0781     3.0782     3.0758
    3.0743     3.0744     3.0746
    3.0746     3.0744     3.0741
    3.0742     3.0742     3.0742
    3.0734     3.0734     3.0726
    3.0729     3.0729     3.0731
    3.0739     3.0748     3.0752
    3.0744     3.0748     3.0748
    3.0743     3.0777     3.0777
    3.0824     3.0875     3.0939
    3.1079     3.1079     3.1243
    3.1318     3.1378     3.1419
    3.1611     3.1681     3.1725
    3.1850     3.1990     3.2086
    3.2202     3.2360     3.2475
    3.2578     3.2667     3.2793
    3.2925     3.2925     3.3092
    3.3293     3.3411     3.3635
    3.3759     3.3825     3.3990
    3.3990     3.4177     3.4296
    3.4405     3.4531     3.4652
    3.4756     3.4978     3.4999
    3.5033     3.5030     3.5027
    3.5041     3.5044     3.5070
    3.5076     3.5079     3.5094
    3.5103     3.5112     3.5124
    3.5166     3.5168     3.5168
    3.5165     3.5164     3.5143
    3.5121     3.5092     3.5092
    3.5088     3.5073     3.5011
    3.4975     3.4944     3.4871
    3.4825     3.4803     3.4772
    3.4727     3.4670     3.4629
    3.4585     3.4545     3.4483
    3.4428     3.4391     3.4391
    3.4349     3.4333     3.4304
    3.4260     3.4238     3.4183
    3.4158     3.4133     3.4112
    3.4082     3.4065     3.4047
    3.4034     3.4008     3.3984
    3.3973     3.3930     3.3923
    3.3893     3.3886     3.3886
    3.3884     3.3887     3.3886
    3.3887     3.3896     3.3903
    3.3930     3.3930     3.3968
    3.3988     3.3993     3.3999
    3.4026     3.4062     3.4075
    3.4079     3.4078     3.4078
    3.4078     3.4077     3.4077
    3.4022     3.4006     3.3855
    3.3736     3.3661     3.3408
    3.3293     3.3234     3.3129
    3.3129     3.2937     3.2937
    3.2699     3.2565     3.2288
    3.2288     3.2261     3.2091
    3.1891     3.1792     3.1693
    3.1537     3.1395     3.1300
    3.1207     3.1120     3.1032
    3.0874     3.0768     3.0663
    3.0570     3.0467     3.0331
    3.0331     3.0209     3.0156
    3.0075     2.9987     2.9903
    2.9789     2.9737     2.9643
    2.9523     2.9455     2.9337
    2.9291     2.9141     2.9052
    2.8889     2.8809     2.8774
    2.8618     2.8590     2.8554
    2.8527     2.8528     2.8532
    2.8557     2.8562     2.8562
    2.8574     2.8589     2.8615
    2.8627     2.8646     2.8654
    2.8660     2.8667     2.8673
    2.8674     2.8672     2.8672
    2.8672     2.8674     2.8676
    2.8676     2.8676     2.8676
    2.8679     2.8686     2.8692
    2.8690     2.8690     2.8690
    2.8690     2.8689     2.8675
    2.8627     2.8454     2.8383
    2.8286     2.8054     2.7939
    2.7939     2.7768     2.7768
    2.7534     2.7414     2.7235
    2.7149     2.6956     2.6899
    2.6776     2.6589     2.6397
    2.6205     2.6133     2.6045
    2.5949     2.5811     2.5684
    2.5560     2.5393     2.5200
    2.5108     2.4985     2.4985
    2.4956     2.4959     2.4966
    2.4963     2.4959     2.4964
    2.4964     2.4951     2.4946
    2.4935     2.4904     2.4899
    2.4873     2.4853     2.4847
    2.4829     2.4829     2.4829
    2.4832     2.4832     2.4831
    2.4828     2.4828     2.4832
    2.4836     2.4831     2.4842
    2.4847     2.4849     2.4860
    2.4860     2.4892     2.4892
    2.4922     2.4941     2.4946
    2.4950     2.4969     2.4982
    2.5003     2.5023     2.5023
    2.5034     2.5066     2.5076
    2.5085     2.5125     2.5125
    2.5154     2.5162     2.5190
    2.5196     2.5201     2.5206
    2.5220     2.5291     2.5320
    2.5320     2.5384     2.5384
    2.5511     2.5653     2.5745
    2.5813     2.5885     2.5968
    2.5985     2.6098     2.6204
    2.6298     2.6318     2.6422
    2.6492     2.6564     2.6678
    2.6698     2.6719     2.6766
    2.6762     2.6762     2.6759
    2.6753     2.6753     2.6745
    2.6735     2.6708     2.6692
    2.6688     2.6685     2.6668
    2.6637     2.6629     2.6620
    2.6607     2.6608     2.6609
    2.6607     2.6612     2.6617
    2.6624     2.6643     2.6652
    2.6666     2.6680     2.6693
    2.6701     2.6712     2.6728
    2.6739     2.6760     2.6763
    2.6769     2.6785     2.6792
    2.6803     2.6804     2.6803
    2.6802     2.6801     2.6801
    2.6802     2.6801     2.6801
    2.6801     2.6800     2.6801
    2.6801     2.6801     2.6801
    2.6800     2.6800     2.6800
    2.6800     2.6800     2.6800
    2.6799     2.6800     2.6800
    2.6800     2.6800     2.6800
    2.6800     2.6800     2.6800
    2.6800     2.6800     2.6800
    2.6799     2.6800     2.6800
    2.6800     2.6799     2.6800
    2.6804     2.6903     2.7006
    2.7102     2.7223     2.7329
    2.7476     2.7566     2.7687
    2.7804     2.7918     2.8027
    2.8024     2.8024     2.8021
    2.8023     2.8023     2.8023
    2.8010     2.7877     2.7782
    2.7679     2.7512     2.7453
    2.7453     2.7301     2.7178
    2.6999     2.6905     2.6776
    2.6647     2.6378     2.6180
    2.6079     2.5942     2.5835
    2.5665     2.5665     2.5363
    2.5222     2.5154     2.4906
    2.4759     2.4455     2.4368
    2.4368     2.4029     2.3876
    2.3771     2.3701     2.3701
    2.3334     2.3233     2.3098
    2.2983     2.2943     2.2938
    2.2931     2.2940     2.2941
    2.2932     2.2941     2.2941
    2.2942     2.2936     2.2929
    2.2917     2.2914     2.2908
    2.2894     2.2890     2.2889
    2.2890     2.2889     2.2891
    2.2891     2.2891     2.2892
    2.2890     2.2886     2.2853
    2.2810     2.2767     2.2726
    2.2611     2.2578     2.2567
    2.2526     2.2420     2.2362
    2.2308     2.2261     2.2201
    2.2121     2.2075     2.1989
    2.1890     2.1837     2.1791
    2.1625     2.1569     2.1505
    2.1419     2.1364     2.1325
    2.1325     2.1236     2.1116
    2.0934     2.0856     2.0699
    2.0666     2.0602     2.0503
    2.0441     2.0410     2.0410
    2.0214     2.0096     1.9999
    1.9867     1.9797     1.9698
    1.9628     1.9471     1.9392
    1.9392     1.9241     1.9241
    1.9085     1.9007     1.8910
    1.8726     1.8709     1.8662
    1.8620     1.8423     1.8384
    1.8173     1.8127     1.8033
    1.7938     1.7708     1.7528
    1.7528     1.7300     1.7200
    1.7092     1.6980     1.6836
    1.6670     1.6467     1.6296
    1.6178     1.6178     1.6101
    1.6097     1.6094     1.6097
    1.6098     1.6100     1.6103
    1.6102     1.6100     1.6085
    1.6075     1.6064     1.6050
    1.6012     1.6012     1.5990
    1.5949     1.5934     1.5911
    1.5892     1.5865     1.5835
    1.5835     1.5826     1.5816
    1.5807     1.5805     1.5798
    1.5801     1.5801     1.5802
    1.5802     1.5807     1.5808
    1.5809     1.5808     1.5804
    1.5801     1.5800     1.5800
    1.5800     1.5810     1.5823
    1.5845     1.5857     1.5857
    1.5871     1.5897     1.5904
    1.5908     1.5908     1.5908
    1.5907     1.5908     1.5908
    1.5899     1.5892     1.5885
    1.5857     1.5788     1.5738
    1.5690     1.5645     1.5605
    1.5504     1.5504     1.5448
    1.5414     1.5359     1.5312
    1.5303     1.5258     1.5258
    1.5231     1.5202     1.5206
    1.5239     1.5247     1.5249
    1.5259     1.5283     1.5323
    1.5367     1.5445     1.5498
    1.5511     1.5637     1.5751
    1.5810     1.5881     1.5944
    1.6020     1.6070     1.6133
    1.6177     1.6281     1.6350
    1.6469     1.6537     1.6598
    1.6669     1.6716     1.6827
    1.6827     1.6874     1.6927
    1.6951     1.7028     1.7099
    1.7171     1.7212     1.7263
    1.7288     1.7299     1.7299
    1.7303     1.7301     1.7298
    1.7298     1.7299     1.7305
    1.7302     1.7301     1.7299
    1.7303     1.7311     1.7317
    1.7325     1.7354     1.7362
    1.7398     1.7413     1.7442
    1.7464     1.7502     1.7502
    1.7515     1.7531     1.7532
    1.7539     1.7538     1.7539
    1.7539     1.7537     1.7540
    1.7541     1.7541     1.7558
    1.7561     1.7570     1.7574
    1.7580     1.7581     1.7582
    1.7588     1.7590     1.7591
    1.7591     1.7591     1.7591
    1.7584     1.7479     1.7396
    1.7187     1.7187     1.6990
    1.6888     1.6790     1.6687
    1.6582     1.6474     1.6348
    1.6186     1.6186     1.6003
    1.6003     1.5769     1.5744
    1.5688     1.5489     1.5373
    1.5309     1.5207     1.5037
    1.4963     1.4844     1.4757
    1.4554     1.4472     1.4360
    1.4343     1.4191     1.4079
    1.3957     1.3888     1.3811
    1.3634     1.3616     1.3548
    1.3548     1.3461     1.3372
    1.3292     1.3110     1.2988
    1.2807     1.2738     1.2674
    1.2485     1.2444     1.2377
    1.2298     1.2198     1.1985
    1.1874     1.1728     1.1633
    1.1516     1.1373     1.1249
    1.1229     1.1180     1.1105
    1.0870     1.0782     1.0782
    1.0684     1.0605     1.0442
    1.0442     1.0313     1.0240
    1.0163     0.9986     0.9850
    0.9746     0.9746     0.9664
    0.9601     0.9518     0.9404
    0.9328     0.9273     0.9262
    0.9262     0.9258     0.9259
    0.9259     0.9257     0.9257
    0.9264     0.9267     0.9268
    0.9265     0.9268     0.9268
    0.9267     0.9267     0.9261
    0.9254     0.9254     0.9244
    0.9233     0.9222     0.9208
    0.9186     0.9173     0.9167
    0.9146     0.9143     0.9133
    0.9127     0.9122     0.9115
    0.9124     0.9112     0.9115
    0.9112     0.9114     0.9112
    0.9114     0.9114     0.9115
    0.9115     0.9114     0.9167
    0.9243     0.9337     0.9445
    0.9647     0.9706     0.9799
    1.0086     1.0086     1.0279
    1.0383     1.0688     1.0763
    1.1005     1.1149     1.1458
    1.1458     1.1668     1.1668
    1.1875     1.2040     1.2238
    1.2343     1.2449     1.2565
    1.2736     1.2938     1.3019
    1.3332     1.3392     1.3456
    1.3829     1.3908     1.4032
    1.4174     1.4367     1.4472
    1.4595     1.4765     1.4839
    1.4922     1.4929     1.4934
    1.4926     1.4919     1.4922
    1.4917     1.4910     1.4907
    1.4893     1.4891     1.4877
    1.4865     1.4870     1.4873
    1.4868     1.4876     1.4884
    1.4883     1.4883     1.4883
    1.4884     1.4881     1.4880
    1.4882     1.4896     1.4938
    1.5004     1.5004     1.5100
    1.5117     1.5187     1.5282
    1.5479     1.5610     1.5696
    1.5820     1.5894     1.6010
    1.6111     1.6229     1.6372
    1.6425     1.6425     1.6663
    1.6882     1.7066     1.7199
    1.7231     1.7297     1.7481
    1.7608     1.7711     1.7829
    1.8065     1.8065     1.8169
    1.8341     1.8477     1.8705
    1.8824     1.8993     1.9079
    1.9197     1.9443     1.9461
    1.9644     1.9785     1.9839
    2.0007     2.0118     2.0346
    2.0446     2.0557     2.0787
    2.0831     2.0965     2.1117
    2.1160     2.1298     2.1470
    2.1470     2.1662     2.1756
    2.1839     2.1957     2.1982
    2.2113     2.2247     2.2396
    2.2489     2.2606     2.2676
    2.2796     2.2872     2.3100
    2.3196     2.3296     2.3388
    2.3535     2.3681     2.3805
    2.3900     2.4096     2.4115
    2.4171     2.4273     2.4381
    2.4527     2.4543     2.4710
    2.4905     2.5028     2.5107
    2.5212     2.5302     2.5414
    2.5522     2.5575     2.5755
    2.5837     2.5859     2.5851
    2.5853     2.5852     2.5852
    2.5849     2.5846     2.5853
    2.5856     2.5868     2.5871
    2.5882     2.5890     2.5902
    2.5902     2.5913     2.5925
    2.5943     2.5986     2.5998
    2.6006     2.6028     2.6024
    2.6021     2.6022     2.6023
    2.6024     2.6004     2.5975
    2.5931     2.5888     2.5825
    2.5782     2.5692     2.5692
    2.5649     2.5599     2.5526
    2.5428     2.5382     2.5299
    2.5237     2.5092     2.5092
    2.5026     2.4967     2.4901
    2.4868     2.4812     2.4716
    2.4603     2.4603     2.4468
    2.4308     2.4203     2.4191
    2.4154     2.4086     2.3911
    2.3911     2.3640     2.3568
    2.3535     2.3535     2.3507
    2.3520     2.3521     2.3513
    2.3518     2.3520     2.3522
    2.3519     2.3520     2.3521
    2.3522     2.3522     2.3521
    2.3524     2.3523     2.3523
    2.3524     2.3527     2.3527
    2.3524     2.3525     2.3522
    2.3524     2.3525     2.3525
    2.3525     2.3527     2.3524
    2.3526     2.3527     2.3526
    2.3527     2.3527     2.3527
    2.3526     2.3526     2.3527
    2.3527     2.3528     2.3527
    2.3527     2.3527     2.3528
    2.3526     2.3527     2.3529
    2.3527     2.3527     2.3529
    2.3527     2.3527     2.3527
    2.3527     2.3528     2.3529
    2.3528     1.5557     1.5557
    1.5556     1.5558     1.5557
    1.5558     1.5556     1.5557
    1.5557     1.5558     1.5558
    1.5557     1.5557     1.5557
    1.5557     1.5557     1.5557
    1.5557     1.5556     1.5556
    1.5556     1.5557     1.5557
    1.5556     1.5558     1.5556
    1.5556     1.5556     1.5557
    1.5557     1.5556     1.5557
    1.5557     1.5557     1.5558
    1.5558     1.5557     1.5557
    1.5557     1.5557     1.5558
    1.5557     1.5557     1.5556
    1.5558     1.5557     1.5558
    1.5557     1.5556     1.5557
    1.5557     1.5557     1.5557
    1.5556     1.5556     1.5556
    1.5558     1.5558     1.5558
    1.5558     1.5556     1.5556
    1.5556     1.5555     1.5556
    1.5555     1.5558     1.5559
    1.5558     1.5558     1.5558
    1.5556     1.5557     1.5557
    1.5557     1.5557     1.5556
    1.5557     1.5558     1.5557
    1.5556     1.5556     1.5557
    1.5558     1.5557     1.5557
    1.5556     1.5555     1.5557
    1.5557     1.5557     1.5556
    1.5556     1.5557     1.5556
    1.5557     1.5558     1.5557
    1.5558     1.5558     1.5558
    1.5558     1.5558     1.5557
    1.5556     1.5558     1.5557
    1.5557     1.5558     1.5558
    1.5557     1.5557     1.5557
    1.5555     1.5555     1.5556
    1.5556     1.5556     1.5556
    1.5577     1.5623     1.5579
    1.5464     1.5344     1.5215
    1.5059     1.4959     1.4801
    1.4694     1.4668     1.4419
    1.4335     1.4271     1.4146
    1.3931     1.3509     1.3373
    1.2609     1.2372     1.1900
    1.1746     1.1530     1.1369
    1.0953     1.0953     1.0735
    1.0741     1.0787     1.0806
    1.0812     1.0810     1.0812
    1.0800     1.0812     1.0816
    1.0812     1.0812     1.0801
    1.0805     1.0799     1.0834
    1.1054     1.1113     1.1225
    1.1835     1.2064     1.2432
    1.3017     1.3798     1.4740
    1.5855     1.5855     1.6180
    1.6438     1.6247     1.6144
    1.6155     1.6189     1.6215
    1.6190     1.6138     1.5818
    1.5652     1.5652     1.5312
    1.5220     1.5133     1.5059
    1.5010     1.4970     1.4941
    1.4805     1.4558     1.4495
    1.4227     1.4177     1.4184
    1.4152     1.4068     1.3937
    1.3868     1.3769     1.3692
    1.3685     1.3642     1.3576
    1.3576     1.3712     1.3729
    1.3841     1.3923     1.3937
    1.4028     1.4034     1.4101
    1.4120     1.4103     1.4098
    1.4056     1.4037     1.3998
    1.4019     1.4014     1.3937
    1.3897     1.3879     1.3884
    1.3881     1.3861     1.3829
    1.3784     1.3684     1.3617
    1.3530     1.3362     1.3242
    1.3170     1.3170     1.3170
    1.3208     1.3209     1.3182
    1.3165     1.3165     1.2975
    1.2873     1.2786     1.2693
    1.2583     1.2468     1.2354
    1.2325     1.2220     1.1951
    1.1609     1.1414     1.1199
    1.1071     1.0930     1.0894
    1.2396     1.2728     1.3219
    1.4295     1.6643     1.6967
    1.7659     1.8868     2.0168
    2.1332     2.3815     2.3283
    2.3229     2.3074     2.3074
    2.2876     2.2805     2.2798
    2.2623     2.2510     2.2476
    2.2429     2.2423     2.2431
    2.2647     2.2669     2.2703
    2.2743     2.2801     2.2801
    2.2801     2.2782     2.2780
    2.2773     2.2773     2.2715
    2.2765     2.2776     2.2770
    2.2754     2.2694     2.2652
    2.2649     2.2642     2.2608
    2.2615     2.2622     2.2618
    2.2641     2.2673     2.2708
    2.2742     2.2765     2.2771
    2.2816     2.2873     2.2862
    2.2837     2.2794     2.2819
    2.2819     2.2844     2.2826
    2.2783     2.2283     2.0777
    1.7821     1.7384     1.5348
    1.4232     1.3686     1.3718
    1.3967     1.4124     1.4161
    1.4267     1.4247     1.4212
    1.4196     1.4179     1.4165
    1.4162     1.4159     1.4172
    1.4206     1.4250     1.4287
    1.4344     1.4441     1.4530
    1.4530     1.4719     1.4731
    1.4735     1.4735     1.4604
    1.4565     1.4518     1.4502
    1.4502     1.4474     1.4425
    1.4425     1.4357     1.4357
    1.4299     1.4117     1.4117
    1.3841     1.3733     1.3700
    1.3653     1.3609     1.3543
    1.3512     1.3439     1.3371
    1.3326     1.3294     1.3292
    1.3248     1.3202     1.3113
    1.3043     1.2971     1.2896
    1.2896     1.3517     1.4219
    1.5091     1.5450     1.7054
    1.6997     1.6656     1.6656
    1.6615     1.6618     1.6627
    1.6629     1.6649     1.6990
    1.6990     1.9010     2.0434
    2.0434     2.1666     2.2895
    2.4332     2.4942     2.4716
    2.4373     2.4373     2.4230
    2.4178     2.4178     2.4137
    2.4189     2.4209     2.4107
    2.4107     2.3922     2.3771
    2.3662     2.3596     2.3402
    2.3355     2.3326     2.3227
    2.2998     2.2866     2.2735
    2.2482     2.2266     2.2072
    2.1890     2.1711     2.1550
    2.1550     2.1367     2.1105
    2.0943     2.0681     2.0566
    2.0506     2.0391     2.0391
    2.0246     2.0149     2.0032
    1.9888     1.9774     1.9707
    1.9565     1.9538     1.9544
    1.9551     2.0390     2.1753
    2.2045     2.4492     2.5819
    2.6162     2.8535     3.0376
    3.0883    -3.0735    -2.7845
   -2.7694    -2.8168    -2.8263
   -2.8265    -2.8282    -2.8335
   -2.8360    -2.8360    -2.8354
   -2.8330    -2.8279    -2.8282
   -2.8334    -2.8369    -2.8393
   -2.8420    -2.8478    -2.8531
   -2.8607    -2.8680    -2.8811
   -2.8898    -2.8832    -2.8903
   -2.9016    -2.9016    -2.9051
   -2.9128    -2.9177    -2.9304
   -2.9410    -2.9793    -2.9916
   -2.9957    -2.9960    -3.0017
   -3.0108    -3.0187    -3.0272
   -3.0337    -3.0420    -3.0443
   -3.0654    -3.0666    -3.0830
   -3.0916    -3.0916    -3.0905
   -3.0899    -3.0886    -3.0812
   -3.0451    -2.9888    -2.7673
   -2.7673    -2.5224    -2.3952
   -2.3599    -2.3348    -2.1218
   -1.8546    -1.7614    -1.7515
   -1.7825    -1.7930    -1.8082
   -1.8094    -1.8078    -1.8102
   -1.8145    -1.8342    -1.8424
   -1.8481    -1.8982    -1.9302
   -1.9491    -1.9734    -1.9734
   -2.0165    -2.0165    -2.0491
   -2.0659    -2.1007    -2.1007
   -2.1033    -2.1244    -2.1425
   -2.1516    -2.1639    -2.1933
   -2.2206    -2.2385    -2.2559
   -2.2727    -2.2867    -2.3022
   -2.3117    -2.3214    -2.3250
   -2.3299    -2.3294    -2.3294
   -2.3347    -2.3325    -2.3303
   -2.3308    -2.3342    -2.3315
   -2.3277    -2.3260    -2.3312
   -2.3348    -2.3345    -2.3344
   -2.3349    -2.3327    -2.3244
   -2.3197    -2.3174    -2.3074
   -2.3093    -2.3138    -2.3204
   -2.3215    -2.3203    -2.2511
   -2.2370    -2.2370    -2.1794
   -2.0615    -1.8383    -1.7363
   -1.5686    -1.5139    -1.4631
   -1.4385    -1.4381    -1.4515
   -1.4549    -1.4549    -1.4566
   -1.4497    -1.4272    -1.4002
   -1.4002    -1.3486    -1.2710
   -1.2558    -1.2566    -1.2620
   -1.2774    -1.2782    -1.2785
   -1.2774    -1.2780    -1.2896
   -1.3231    -1.3366    -1.3542
   -1.4073    -1.4081    -1.4081
   -1.3898    -1.3898    -1.3873
   -1.3922    -1.4007    -1.4059
   -1.4229    -1.4293    -1.4435
   -1.4682    -1.4905    -1.5108
   -1.5214    -1.5347    -1.5490
   -1.5750    -1.5928    -1.6103
   -1.6285    -1.6413    -1.6495
   -1.6684    -1.6684    -1.6197
   -1.5464    -1.4351    -1.3832
   -1.3177    -1.1850    -1.1850
   -0.9168    -0.7823    -0.6237
   -0.4789    -0.4458    -0.2624
   -0.0940    -0.0537     0.0383
    0.0714     0.0564     0.0329
    0.0329     0.0254     0.0220
    0.0220     0.0244     0.0362
    0.0380     0.0477     0.0576
    0.0692     0.0757     0.0757
    0.0777     0.0777     0.0773
    0.0759     0.0765     0.0769
    0.0796     0.0784     0.0809
    0.0879     0.0879     0.0936
    0.0951     0.0928     0.0888
    0.0722     0.0722     0.0652
    0.0640     0.0714     0.0865
    0.0995     0.1268     0.2036
    0.2984     0.3360     0.3360
    0.4537     0.4537     0.5288
    0.5564     0.5656     0.5674
    0.5671     0.5714     0.5714
    0.5723     0.5685     0.5714
    0.5728     0.5822     0.5917
    0.6008     0.6046     0.6029
    0.5992     0.5935     0.5931
    0.5937     0.5998     0.6374
    0.6374     0.6835     0.7516
    0.9313     1.0293     1.0953
    1.1264     1.1845     1.4406
    1.4952     1.5785     1.8646
    1.9027     2.0775     2.2008
    2.3949     2.4954     2.5898
    2.7968     2.9127     3.1273
   -3.0502    -2.9406    -2.8474
   -2.7276    -2.6061    -2.4571
   -2.2592    -2.2367    -2.1321
   -1.8509    -1.7552    -1.4630
   -1.3592    -1.2382    -1.1684
   -1.1841    -1.2164    -1.2183
   -1.2215    -1.2204    -1.2204
   -1.2195    -1.2192    -1.2192
   -1.2194    -1.2194    -1.2193
   -1.2193    -1.2193    -1.2193
   -1.2194    -1.2194    -1.2193
   -1.2193    -1.2194    -1.2194
   -1.2193    -1.2193    -1.2194
   -1.2193    -1.2193    -1.2194
   -1.2193    -1.2193    -1.2193
   -1.2193    -1.2194    -1.2193
   -1.2194    -1.2194    -1.2205
   -1.2244    -1.2257    -1.2250
   -1.2223    -1.2169    -1.2067
   -1.2078    -1.2136    -1.2180
   -1.2158    -1.1937    -1.1936
   -1.1929    -1.1942    -1.1950
   -1.1950    -1.1951    -1.1909
   -1.1875    -1.1883    -1.1881
   -1.1924    -1.1979    -1.1979
   -1.2119    -1.2232    -1.2377
   -1.2457    -1.2554    -1.2637
   -1.2805    -1.2950    -1.3039
   -1.3168    -1.3252    -1.3351
   -1.3351    -1.3395    -1.3394
   -1.3404    -1.3481    -1.3510
   -1.3505    -1.3538    -1.3538
   -1.3712    -1.3766    -1.3817
   -1.3852    -1.3852    -1.4025
   -1.4115    -1.4181    -1.4342
   -1.4442    -1.4454    -1.4469
   -1.4437    -1.4416    -1.4411
   -1.3995    -1.3995    -1.3221
   -1.2053    -1.0822    -0.9265
   -0.8449    -0.7004    -0.5110
   -0.4473    -0.4116    -0.4333
   -0.4437    -0.4574    -0.4622
   -0.4633    -0.4634    -0.4634
   -0.4604    -0.4582    -0.4579
   -0.4650    -0.4735    -0.4859
   -0.4835    -0.4822    -0.4775
   -0.4717    -0.4727    -0.4750
   -0.4788    -0.4842    -0.4932
   -0.4971    -0.5014    -0.4993
   -0.5010    -0.5039    -0.5182
   -0.5238    -0.5321    -0.5444
   -0.5519    -0.5568    -0.5568
   -0.5678    -0.5811    -0.5921
   -0.5939    -0.6016    -0.6038
   -0.6084    -0.6136    -0.6161
   -0.6166    -0.6166    -0.6189
   -0.6194    -0.6198    -0.6197
   -0.6163    -0.6156    -0.6156
   -0.6104    -0.6139    -0.6139
   -0.6218    -0.6218    -0.6380
   -0.6491    -0.6630    -0.6866
   -0.6874    -0.6922    -0.6962
   -0.7186    -0.7223    -0.7550
   -0.7607    -0.7711    -0.7819
   -0.7965    -0.8070    -0.8070
   -0.8172    -0.8191    -0.8220
   -0.8251    -0.8309    -0.8452
   -0.8554    -0.8612    -0.8702
   -0.8702    -0.8794    -0.8788
   -0.8775    -0.8769    -0.8724
   -0.8368    -0.7910    -0.7253
   -0.6442    -0.4917    -0.4021
   -0.2875    -0.1685     0.0870
    0.0870     0.2256     0.5003
    0.6142     0.7621     0.9276
    1.1297     1.3489     1.3489
    1.4563     1.5784     1.7367
    1.7646     1.7949     1.7707
    1.7662     1.7545     1.7509
    1.7819     1.7993     1.8353
    1.9697     2.0566     2.1865
    2.2849     2.4348     2.4685
    2.7000     2.8490     3.0720
   -3.0822    -3.0822    -2.9631
   -2.7359    -2.7069    -2.6942
   -2.7323    -2.7429    -2.7459
   -2.7451    -2.7432    -2.7428
   -2.7459    -2.7499    -2.7694
   -2.7930    -2.8033    -2.8133
   -2.8278    -2.8402    -2.8751
   -2.8751    -2.9012    -2.9240
   -2.9640    -3.0145    -3.0263
   -3.0823    -3.0823    -3.1192
    3.0638     3.0432     2.9843
    2.9587     2.9491     2.9258
    2.8922     2.8475     2.7976
    2.7452     2.7263     2.7254
    2.7253     2.7409     2.7463
    2.7495     2.7507     2.7488
    2.7477     2.7442     2.7433
    2.7479     2.7532     2.7600
    2.7637     2.7647     2.7633
    2.7596     2.7510     2.7510
    2.7498     2.7479     2.7473
    2.7488     2.7538     2.7645
    2.7713     2.7733     2.7727
    2.7744     2.7744     2.7737
    2.7736     2.7737     2.7743
    2.7823     2.8026     2.8159
    2.8194     2.8202     2.8256
    2.8955     2.9478     3.0240
   -3.0345    -2.9875    -2.7168
   -2.6104    -2.3663    -2.2579
   -2.0317    -2.0317    -1.8864
   -1.7995    -1.7441    -1.7653
   -1.7726    -1.7754    -1.7754
   -1.7796    -1.7690    -1.7610
   -1.7610    -1.6115    -1.5880
   -1.4722    -1.3885    -1.2661
   -1.2385    -1.1196    -1.0813
   -1.1005    -1.1150    -1.1182
   -1.1182    -1.1173    -1.1154
   -1.1294    -1.1316    -1.1217
   -1.1217    -1.1034    -1.0935
   -1.0821    -1.0684    -1.0599
   -1.0551    -1.0604    -1.0689
   -1.0689    -1.0728    -1.0728
   -1.0730    -1.0727    -1.0711
   -1.0679    -1.0603    -1.0569
   -1.0530    -1.0525    -1.0522
   -1.0467    -1.0398    -1.0278
   -1.0231    -1.0175    -1.0178
   -1.0180    -1.0149    -1.0115
   -1.0087    -1.0048    -0.9982
   -0.9981    -0.9975    -0.9975
   -0.9975    -0.9945    -0.9878
   -0.9836    -0.9867    -0.9906
   -0.9906    -0.9878    -0.9779
   -0.9777    -0.9796    -0.9807
   -0.9766    -0.9682    -0.9634
   -0.9591    -0.9589    -0.9544
   -0.9489    -0.9468    -0.9464
   -0.9454    -0.9430    -0.9289
   -0.9274    -0.9274    -0.9264
   -0.9241    -0.9180    -0.9180
   -0.9071    -0.9029    -0.9008
   -0.8952    -0.8907    -0.8869
   -0.8869    -0.8791    -0.8726
   -0.8675    -0.8610    -0.8567
   -0.8546    -0.8521    -0.8521
   -0.8524    -0.8541    -0.8541
   -0.8540    -0.8540    -0.8543
   -0.8534    -0.8535    -0.8537
   -0.8519    -0.8519    -0.7802
   -0.7802    -0.6664    -0.5261
   -0.5261    -0.3936    -0.2745
   -0.1610    -0.0368     0.2002
    0.3625     0.4330     0.5670
    0.6626     0.7237     0.7867
    0.9117     0.9461     1.0578
    1.1449     1.4390     1.5696
    1.6191     1.6303     1.6006
    1.5896     1.5806     1.5806
    1.5809     1.5693     1.5476
    1.5303     1.5232     1.5129
    1.5100     1.5058     1.4942
    1.4942     1.4925     1.4910
    1.4664     1.4603     1.4483
    1.4344     1.3853     1.3853
    1.3491     1.3491     1.3190
    1.3039     1.2906     1.2794
    1.2662     1.2543     1.2335
    1.2010     1.1909     1.1457
    1.1362     1.1253     1.0665
    1.0561     1.0365     1.0181
    0.9881     0.9738     0.9586
    0.9458     0.9370     0.9159
    0.9173     0.9205     0.9238
    0.9445     0.9923     1.0459
    1.1141     1.1981     1.2739
    1.3535     1.4208     1.6071
    1.6810     1.7557     1.8549
    1.9770     2.0762     2.0916
    2.0796     2.0796     2.0687
    2.0514     2.0413     2.0420
    2.0453     2.0454     2.0373
    2.0373     2.0193     2.0172
    2.0066     2.0005     2.0027
    2.0022     2.0048     2.0124
    2.0170     2.0204     2.0229
    2.0303     2.0367     2.0378
    2.0378     2.0421     2.0474
    2.0527     2.0584     2.0601
    2.0623     2.0633     2.0561
    2.0459     2.0326     2.0081
    2.0081     1.9966     1.9792
    1.9684     1.9538     1.9486
    1.9463     1.9461     1.9423
    1.9615     1.9621     1.9560
    1.9474     1.9474     1.9475
    1.9500     1.9632     1.9676
    1.9757     1.9910     1.9929
    1.9958     1.9970     1.9957
    1.9952     1.9945     1.9945
    1.9887     1.9888     1.9885
    1.9864     1.9861     1.9873
    1.9958     2.0074     2.0128
    2.0147     2.0140     2.0096
    2.0061     2.0055     2.0052
    2.0014     1.9987     1.9945
    1.9880     1.9860     1.9896
    2.0019     2.0023     2.0045
    2.0097     2.0160     2.0212
    2.0216     2.0280     2.0424
    2.0466     2.0487     2.0512
    2.0529     2.0500     2.0483
    2.0485     2.0522     2.0559
    2.0651     2.0705     2.0694
    2.0700     2.0700     2.0895
    2.1251     2.1702     2.1962
    2.2471     2.3082     2.3997
    2.5030     2.7195     2.7195
    2.8293     2.9581     3.0756
   -2.8820    -2.8082    -2.7623
   -2.6402    -2.6854    -2.6961
   -2.7008    -2.7009    -2.6969
   -2.6955    -2.6999    -2.7101
   -2.7096    -2.6990    -2.6933
   -2.6819    -2.6819    -2.6771
   -2.6752    -2.6705    -2.6560
   -2.6490    -2.6306    -2.6166
   -2.6018    -2.6018    -2.5968
   -2.5910    -2.5821    -2.5804
   -2.5751    -2.5713    -2.5673
   -2.5673    -2.5595    -2.5621
   -2.5671    -2.5682    -2.5711
   -2.5758    -2.5838    -2.5838
   -2.5614    -2.5534    -2.5463
   -2.5463    -2.5722    -2.5684
   -2.5652    -2.5592    -2.5585
   -2.5591    -2.5599    -2.5597
   -2.5607    -2.5607    -2.5611
   -2.5597    -2.5595    -2.5608
   -2.5598    -2.5606    -2.5601
   -2.5608    -2.5608    -2.5604
   -2.5604    -2.5601    -2.5600
   -2.5613    -2.5597    -2.5597
   -2.5611    -2.5599    -2.5599
   -2.5603    -2.5602    -2.5609
   -2.5609    -2.5600    -2.5598
   -2.5596    -2.5601    -2.5607
   -2.5607    -2.5662    -2.5682
   -2.5609    -2.5605    -2.5590
   -2.5601    -2.5623    -2.5613
   -2.5608    -2.5605    -2.5597
   -2.5592    -2.5599    -2.5596
